[LEFT_CAM_2K]
fx=1068.17
fy=1068.25
cx=1104.48
cy=638.121
k1=-0.0581866
k2=0.0321485
p1=0.000105965
p2=-0.00048579
k3=-0.0122918

[RIGHT_CAM_2K]
fx=1068.3
fy=1068.38
cx=1062.15
cy=599.141
k1=-0.0631707
k2=0.0412731
p1=0.000211002
p2=9.25415e-06
k3=-0.0167044

[LEFT_CAM_FHD]
fx=1068.17
fy=1068.25
cx=960.48
cy=557.121
k1=-0.0581866
k2=0.0321485
p1=0.000105965
p2=-0.00048579
k3=-0.0122918

[RIGHT_CAM_FHD]
fx=1068.3
fy=1068.38
cx=918.15
cy=518.141
k1=-0.0631707
k2=0.0412731
p1=0.000211002
p2=9.25415e-06
k3=-0.0167044

[LEFT_CAM_HD]
fx=534.085
fy=534.125
cx=638.74
cy=367.0605
k1=-0.0581866
k2=0.0321485
p1=0.000105965
p2=-0.00048579
k3=-0.0122918

[RIGHT_CAM_HD]
fx=534.15
fy=534.19
cx=617.575
cy=347.5705
k1=-0.0631707
k2=0.0412731
p1=0.000211002
p2=9.25415e-06
k3=-0.0167044

[LEFT_CAM_VGA]
fx=267.0425
fy=267.0625
cx=334.87
cy=191.03025
k1=-0.0581866
k2=0.0321485
p1=0.000105965
p2=-0.00048579
k3=-0.0122918

[RIGHT_CAM_VGA]
fx=267.075
fy=267.095
cx=324.2875
cy=181.28525
k1=-0.0631707
k2=0.0412731
p1=0.000211002
p2=9.25415e-06
k3=-0.0167044

[LEFT_DISTO]
k1=-0.967546
k2=2.49314
k3=0.118682
k4=-0.866907
k5=2.34643
k6=0.287047
p1=0.000133757
p2=-0.000185575

[RIGHT_DISTO]
k1=-0.806806
k2=2.59892
k3=0.113187
k4=-0.700894
k5=2.45233
k6=0.290253
p1=0.000219113
p2=-9.2203e-05

[STEREO]
Baseline=119.957
TY=-0.4132
TZ=0.411894
CV_2K=0.00451912
CV_FHD=0.00451912
CV_HD=0.00451912
CV_VGA=0.00451912
RX_2K=0.00821166
RX_FHD=0.00821166
RX_HD=0.00821166
RX_VGA=0.00821166
RZ_2K=0.00168764
RZ_FHD=0.00168764
RZ_HD=0.00168764
RZ_VGA=0.00168764

[MISC]
Sensor_ID=0

