[LEFT_CAM_2K]
fx=1064.51
fy=1064.66
cx=1095.8
cy=608.523
k1=-0.0507727
k2=0.0239783
p1=0.000491168
p2=-0.000575407
k3=-0.00977992

[RIGHT_CAM_2K]
fx=1067.83
fy=1067.91
cx=1113.06
cy=626.654
k1=-0.0565484
k2=0.0303431
p1=0.000357399
p2=-0.000133296
k3=-0.0119639

[LEFT_CAM_FHD]
fx=1064.51
fy=1064.66
cx=951.8
cy=527.523
k1=-0.0507727
k2=0.0239783
p1=0.000491168
p2=-0.000575407
k3=-0.00977992

[RIGHT_CAM_FHD]
fx=1067.83
fy=1067.91
cx=969.06
cy=545.654
k1=-0.0565484
k2=0.0303431
p1=0.000357399
p2=-0.000133296
k3=-0.0119639

[LEFT_CAM_HD]
fx=532.255
fy=532.33
cx=634.4
cy=352.2615
k1=-0.0507727
k2=0.0239783
p1=0.000491168
p2=-0.000575407
k3=-0.00977992

[RIGHT_CAM_HD]
fx=533.915
fy=533.955
cx=643.03
cy=361.327
k1=-0.0565484
k2=0.0303431
p1=0.000357399
p2=-0.000133296
k3=-0.0119639

[LEFT_CAM_VGA]
fx=266.1275
fy=266.165
cx=332.7
cy=183.63075
k1=-0.0507727
k2=0.0239783
p1=0.000491168
p2=-0.000575407
k3=-0.00977992

[RIGHT_CAM_VGA]
fx=266.9575
fy=266.9775
cx=337.015
cy=188.1635
k1=-0.0565484
k2=0.0303431
p1=0.000357399
p2=-0.000133296
k3=-0.0119639

[LEFT_DISTO]
k1=-1.36482
k2=2.25775
k3=0.140186
k4=-1.27634
k5=2.10703
k6=0.293048
p1=0.000473138
p2=-0.000222427

[RIGHT_DISTO]
k1=-0.740215
k2=2.17922
k3=0.172829
k4=-0.635822
k5=2.03078
k6=0.337469
p1=0.000349994
p2=-0.000176003

[STEREO]
Baseline=119.869
TY=0.246741
TZ=0.301026
CV_2K=0.00478748
CV_FHD=0.00478748
CV_HD=0.00478748
CV_VGA=0.00478748
RX_2K=0.00156257
RX_FHD=0.00156257
RX_HD=0.00156257
RX_VGA=0.00156257
RZ_2K=-0.00162529
RZ_FHD=-0.00162529
RZ_HD=-0.00162529
RZ_VGA=-0.00162529

[MISC]
Sensor_ID=0

